K: 5, itteration: 1
                                                            
      00                                                    
    0                                                       
   0 00000                                                  
    000 0                                                   
   0 0 0                                                    
  0000  000              00 00                              
  0 0000000             0 00000                             
  0000 0            0    0 000 00                           
   0  0000           0  00 0 000000                         
  00 0 00 0           0  0 00 00 00 00                      
    00 0 0  0         00   0  00000                         
   00 00  00             0 0 0 0                   000      
     00 00              0 0 0 0 00                          
       0                 000000 00               000  000   
    00   00             0 0 00 00                  000      
                       0   0 00 00                  000     
                      0   0 0                     0000 000  
                               0                 0   0000   
                                             0 000000 000   
                                                   0000     
                                                000    000  
                                                  0000      
                                                     0000   
                                                  0000      
                                                       000  
  000  00                                           000     
   0 0000                                                   
    0 00 0000                00                             
  00 0000                    00 00  0                       
  0000 0  00              00   000 0                        
 000 00  00               00 00  00                         
  00  00                 00 00  00                          
   000 000                00  00 0                          
     000                    000 0  0                        
 000                      00  00 0                   0      
   000                   000 000 000                0000    
                        0 00  00                  0  0000   
                       0     000 000            0  00000    
                     0    000000 000             000  0000  
                                0               0  0000     
                          00 000               0 0  0  0000 
                            000 000               0  0000   
                          00  00                 0  0000    
                                                            
K: 5, itteration: 2
                                                            
      55                                                    
    5                                                       
   5 55555                                                  
    555 5                                                   
   5 5 5                                                    
  5555  552              11 11                              
  5 5555222             1 11111                             
  5555 2            1    1 111 11                           
   5  2222           1  11 1 111111                         
  55 2 22 2           1  1 11 11 11 11                      
    22 2 2  2         11   1  11111                         
   22 22  22             1 1 1 1                   444      
     22 22              1 1 1 1 11                          
       2                 111111 11               444  444   
    22   22             1 1 11 11                  444      
                       1   1 11 11                  444     
                      1   1 1                     4444 444  
                               1                 4   4444   
                                             4 444444 444   
                                                   4444     
                                                444    444  
                                                  4444      
                                                     4444   
                                                  4444      
                                                       444  
  222  22                                           444     
   2 2222                                                   
    2 22 2222                33                             
  22 2222                    33 33  3                       
  2222 2  22              33   333 3                        
 222 22  22               33 33  33                         
  22  22                 33 33  33                          
   222 222                33  33 3                          
     222                    333 3  3                        
 222                      33  33 3                   4      
   222                   333 333 333                4444    
                        3 33  33                  4  4444   
                       3     333 333            3  44444    
                     3    333333 333             333  4444  
                                3               3  3344     
                          33 333               3 3  3  4444 
                            333 333               3  3444   
                          33  33                 3  3334    
                                                            
K: 5, itteration: 3
                                                            
      55                                                    
    5                                                       
   5 55555                                                  
    555 5                                                   
   5 5 5                                                    
  5555  555              11 11                              
  5 5555555             1 11111                             
  5555 5            1    1 111 11                           
   5  5555           1  11 1 111111                         
  55 5 55 5           1  1 11 11 11 11                      
    55 5 5  5         11   1  11111                         
   55 55  55             1 1 1 1                   444      
     55 55              1 1 1 1 11                          
       2                 111111 11               444  444   
    22   22             1 1 11 11                  444      
                       1   1 11 11                  444     
                      1   1 1                     4444 444  
                               1                 4   4444   
                                             4 444444 444   
                                                   4444     
                                                444    444  
                                                  4444      
                                                     4444   
                                                  4444      
                                                       444  
  222  22                                           444     
   2 2222                                                   
    2 22 2222                33                             
  22 2222                    33 33  3                       
  2222 2  22              33   333 3                        
 222 22  22               33 33  33                         
  22  22                 33 33  33                          
   222 222                33  33 3                          
     222                    333 3  3                        
 222                      33  33 3                   4      
   222                   333 333 333                4444    
                        3 33  33                  4  4444   
                       3     333 333            4  44444    
                     3    333333 333             444  4444  
                                3               3  4444     
                          33 333               3 4  4  4444 
                            333 333               4  4444   
                          33  33                 3  4444    
                                                            
K: 5, itteration: 4
                                                            
      55                                                    
    5                                                       
   5 55555                                                  
    555 5                                                   
   5 5 5                                                    
  5555  555              11 11                              
  5 5555555             1 11111                             
  5555 5            1    1 111 11                           
   5  5555           1  11 1 111111                         
  55 5 55 5           1  1 11 11 11 11                      
    55 5 5  5         11   1  11111                         
   55 55  55             1 1 1 1                   444      
     55 55              1 1 1 1 11                          
       5                 111111 11               444  444   
    55   55             1 1 11 11                  444      
                       1   1 11 11                  444     
                      1   1 1                     4444 444  
                               1                 4   4444   
                                             4 444444 444   
                                                   4444     
                                                444    444  
                                                  4444      
                                                     4444   
                                                  4444      
                                                       444  
  222  22                                           444     
   2 2222                                                   
    2 22 2222                33                             
  22 2222                    33 33  3                       
  2222 2  22              33   333 3                        
 222 22  22               33 33  33                         
  22  22                 33 33  33                          
   222 222                33  33 3                          
     222                    333 3  3                        
 222                      33  33 3                   4      
   222                   333 333 333                4444    
                        3 33  33                  4  4444   
                       3     333 333            4  44444    
                     3    333333 333             444  4444  
                                3               4  4444     
                          33 333               4 4  4  4444 
                            333 333               4  4444   
                          33  33                 4  4444    
                                                            
