K: 7, itteration: 1
                                                            
      00                                                    
    0                                                       
   0 00000                                                  
    000 0                                                   
   0 0 0                                                    
  0000  000              00 00                              
  0 0000000             0 00000                             
  0000 0            0    0 000 00                           
   0  0000           0  00 0 000000                         
  00 0 00 0           0  0 00 00 00 00                      
    00 0 0  0         00   0  00000                         
   00 00  00             0 0 0 0                   000      
     00 00              0 0 0 0 00                          
       0                 000000 00               000  000   
    00   00             0 0 00 00                  000      
                       0   0 00 00                  000     
                      0   0 0                     0000 000  
                               0                 0   0000   
                                             0 000000 000   
                                                   0000     
                                                000    000  
                                                  0000      
                                                     0000   
                                                  0000      
                                                       000  
  000  00                                           000     
   0 0000                                                   
    0 00 0000                00                             
  00 0000                    00 00  0                       
  0000 0  00              00   000 0                        
 000 00  00               00 00  00                         
  00  00                 00 00  00                          
   000 000                00  00 0                          
     000                    000 0  0                        
 000                      00  00 0                   0      
   000                   000 000 000                0000    
                        0 00  00                  0  0000   
                       0     000 000            0  00000    
                     0    000000 000             000  0000  
                                0               0  0000     
                          00 000               0 0  0  0000 
                            000 000               0  0000   
                          00  00                 0  0000    
                                                            
K: 7, itteration: 2
                                                            
      55                                                    
    5                                                       
   5 55555                                                  
    555 5                                                   
   5 5 5                                                    
  5555  552              11 11                              
  5 5555222             1 11111                             
  5555 2            1    1 111 11                           
   5  2222           1  11 1 111111                         
  55 2 22 2           1  1 11 11 11 11                      
    22 2 2  2         11   1  11111                         
   22 22  22             1 1 1 1                   666      
     22 22              1 1 1 1 11                          
       2                 111111 11               666  444   
    22   22             1 1 11 11                  666      
                       1   1 11 11                  664     
                      1   1 1                     6666 444  
                               1                 6   6444   
                                             6 666666 444   
                                                   6664     
                                                666    444  
                                                  6666      
                                                     6444   
                                                  6666      
                                                       444  
  777  77                                           664     
   7 7777                                                   
    7 77 7777                33                             
  77 7777                    33 33  3                       
  7777 7  77              33   333 3                        
 777 77  77               33 33  33                         
  77  77                 33 33  33                          
   777 777                33  33 3                          
     777                    333 3  3                        
 777                      33  33 3                   6      
   777                   333 333 333                6644    
                        3 33  33                  6  6444   
                       3     333 333            3  66644    
                     3    333333 333             333  4444  
                                3               3  3664     
                          33 333               3 3  3  4444 
                            333 333               3  3444   
                          33  33                 3  3334    
                                                            
K: 7, itteration: 3
                                                            
      55                                                    
    5                                                       
   5 55555                                                  
    555 5                                                   
   5 5 5                                                    
  5555  555              11 11                              
  5 5555552             1 11111                             
  5555 2            1    1 111 11                           
   5  2222           1  11 1 111111                         
  52 2 22 2           1  1 11 11 11 11                      
    22 2 2  2         11   1  11111                         
   22 22  22             1 1 1 1                   666      
     22 22              1 1 1 1 11                          
       2                 111111 11               666  666   
    22   22             1 1 11 11                  666      
                       1   1 11 11                  666     
                      1   1 1                     6666 666  
                               1                 6   6666   
                                             6 666666 666   
                                                   6666     
                                                666    666  
                                                  6666      
                                                     6666   
                                                  6666      
                                                       444  
  777  77                                           644     
   7 7777                                                   
    7 77 7777                33                             
  77 7777                    33 33  3                       
  7777 7  77              33   333 3                        
 777 77  77               33 33  33                         
  77  77                 33 33  33                          
   777 777                33  33 3                          
     777                    333 3  3                        
 777                      33  33 3                   4      
   777                   333 333 333                4444    
                        3 33  33                  4  4444   
                       3     333 333            4  44444    
                     3    333333 333             444  4444  
                                3               4  4444     
                          33 333               4 4  4  4444 
                            333 333               4  4444   
                          33  33                 4  4444    
                                                            
K: 7, itteration: 4
                                                            
      55                                                    
    5                                                       
   5 55555                                                  
    555 5                                                   
   5 5 5                                                    
  5555  555              11 11                              
  5 5555555             1 11111                             
  5555 5            1    1 111 11                           
   5  2222           1  11 1 111111                         
  22 2 22 2           1  1 11 11 11 11                      
    22 2 2  2         11   1  11111                         
   22 22  22             1 1 1 1                   666      
     22 22              1 1 1 1 11                          
       2                 111111 11               666  666   
    22   22             1 1 11 11                  666      
                       1   1 11 11                  666     
                      1   1 1                     6666 666  
                               1                 6   6666   
                                             6 666666 666   
                                                   6666     
                                                666    666  
                                                  6666      
                                                     6666   
                                                  6666      
                                                       666  
  777  77                                           666     
   7 7777                                                   
    7 77 7777                33                             
  77 7777                    33 33  3                       
  7777 7  77              33   333 3                        
 777 77  77               33 33  33                         
  77  77                 33 33  33                          
   777 777                33  33 3                          
     777                    333 3  3                        
 777                      33  33 3                   4      
   777                   333 333 333                4444    
                        3 33  33                  4  4444   
                       3     333 333            4  44444    
                     3    333333 333             444  4444  
                                3               4  4444     
                          33 333               4 4  4  4444 
                            333 333               4  4444   
                          33  33                 4  4444    
                                                            
